NumElements=48
1 0 0 -1 1
2 1 0 1 1
3 -1 0 -1 1
4 1 0 0 -1
5 0 -1 1 0
6 -1 -1 -1 -1
7 1 -1 -1 1
8 1 1 0 1
9 0 0 -1 -1
10 1 1 -1 -1
11 1 -1 -1 1
12 1 -1 0 1
13 0 1 1 0
14 -1 1 0 0
15 0 -1 1 0
16 -1 -1 0 0
17 0 0 -1 1
18 1 0 1 1
19 -1 0 -1 1
20 1 0 0 -1
21 0 -1 1 0
22 -1 -1 -1 -1
23 1 -1 -1 1
24 1 1 0 1
25 0 0 -1 -1
26 1 1 -1 -1
27 1 -1 -1 1
28 1 -1 0 1
29 0 1 1 0
30 -1 1 0 0
31 0 -1 1 0
32 -1 -1 0 0
33 0 0 -1 1
34 1 0 1 1
35 -1 0 -1 1
36 1 0 0 -1
37 0 -1 1 0
38 -1 -1 -1 -1
39 1 -1 -1 1
40 1 1 0 1
41 0 0 -1 -1
42 1 1 -1 -1
43 1 -1 -1 1
44 1 -1 0 1
45 0 1 1 0
46 -1 1 0 0
47 0 -1 1 0
48 -1 -1 0 0

